D C 363.967 -289.026
1415.41 -461.602
1743.57 243.588
1129.7 565.365
538.372 591.242
896.511 1317.47
D C 365.115 -289.938
1416.68 -462.015
1742.58 243.45
1129.86 565.446
540.604 593.693
897.555 1319.01
D C 365.35 -290.125
1418.16 -462.498
1742.58 243.45
1131.08 566.056
541.455 594.627
899.966 1322.55
D C 365.272 -290.063
1417.42 -462.256
1737.75 242.775
1129.54 565.283
540.498 593.576
896.832 1317.95
D C 364.202 -289.213
1419.42 -462.911
1740.6 243.173
1128.56 564.795
536.99 589.724
897.957 1319.6
D C 364.254 -289.254
1413.4 -460.947
1740.97 243.225
1129.94 565.487
538.159 591.008
896.511 1317.47
D C 363.862 -288.943
1418.47 -462.601
1735.64 242.481
1132.63 566.829
539.789 592.798
897.153 1318.42
D C 364.019 -289.068
1417.52 -462.291
1738.74 242.913
1131.89 566.463
540.675 593.771
897.475 1318.89
D C 364.358 -289.337
1416.57 -461.981
1740.6 243.173
1132.54 566.789
539.577 592.565
898.118 1319.84
D C 364.88 -289.752
1416.33 -461.903
1740.47 243.156
1129.94 565.487
539.47 592.448
897.153 1318.42
D C 363.184 -288.405
1419 -462.773
1739.73 243.052
1132.95 566.992
539.718 592.72
898.761 1320.78
D C 363.654 -288.778
1416.89 -462.084
1744.06 243.657
1132.54 566.789
539.116 592.059
896.912 1318.06
D C 364.123 -289.151
1423.01 -464.082
1742.58 243.45
1130.11 565.568
540.994 594.121
897.877 1319.48
D C 364.306 -289.296
1416.04 -461.809
1740.97 243.225
1131.16 566.097
539.435 592.409
896.832 1317.95
D C 352.208 -286.807
1402.94 -457.537
1715.53 250.413
1075.95 546.748
520.32 592.985
878.057 1325.03
D C 312.934 -288.483
1365.24 -463.852
1682.53 235.061
1048.8 549.244
488.857 592.866
850.926 1318.96
D C 278.299 -283.045
1322.7 -458.469
1641.23 239.567
1000.71 547.766
447.104 584.82
D C 262.369 -283.752
1275.83 -451.012
1623.67 237.003
987.053 540.291
434.426 582.926
D C 215.642 -277.644
1229.15 -443.012
1564.32 247.983
934.637 541.824
379.485 588.21
D C 187.88 -278.871
1197.84 -440.051
1532.86 242.995
903.725 538.828
350.379 589.666
D C 154.756 -278.649
1168.14 -445.484
1501.25 237.985
874.968 543.759
318.783 593.09
D C 124.645 -278.322
1131.13 -439.339
1466.71 241.744
832.856 546.369
282.26 593.227
D C 112.216 -277.526
1116.18 -441.434
1444.13 247.134
818.051 551.133
266.172 596.738
D C 67.1578 -278.062
1066.32 -436.923
1395.64 247.659
770.372 546.969
216.667 601.146
D C 1026.65 -435.456
1365.42 242.296
737.243 537.176
186.005 595.021
D C 995.726 -436.834
1324.93 251.92
699.835 543.551
147.872 600.048
D C 958.193 -434.467
1293.43 245.93
666.416 544.333
474.7 1317.06
113.809 603.487
D C -48.4725 -285.828
923.791 -425.721
1257.94 247.191
633.153 543.607
438.514 1317.14
83.4267 603.763
D C -78.6154 -288.358
896.05 -426.344
1221.12 247.746
603.564 544.496
411.146 1315.23
49.9029 606.576
D C 848.165 -429.398
1172.22 252.841
550.146 540.922
358.891 1316.4
-2.32736 609.579
D C 833.893 -428.62
1149.71 255.377
534.99 545.748
342.766 1320.92
-21.0821 610.876
D C 801.317 -430.704
1120.52 248.895
506.157 542.342
317.046 1321.39
-51.4785 614.447
D C 741.859 -422.533
1069.99 251.486
452.383 541.824
266.796 1325.21
-104.762 612.181
D C 723.353 -423.832
1055.38 248.054
439.449 539.658
248.182 1316.02
-120.615 613.803
D C 681.36 -422.024
1006.78 249.707
392.067 539.789
199.31 1322.51
-165.777 619.365
D C 664.161 -417.031
991.663 252.426
375.076 543.989
182.305 1319.35
-182.232 619.547
D C 631.348 -418.375
954.684 261.816
342.193 544.974
149.918 1323.84
D C 598.711 -418.249
924.305 259.593
314.711 544.752
117.113 1324.05
D C 565.147 -415.807
893.318 256.814
280.966 546.628
85.1214 1334.96
D C 516.893 -410.465
846.572 266.035
234.207 552.175
27.6255 1332.71
D C 504.901 -416.324
831.626 261.338
221.249 549.551
27.7197 1337.26
D C 476.292 -412.782
798.423 261.712
186.173 547.957
-13.306 1336.73
D C 442.904 -413.354
769.337 262.677
157.589 551.278
-38.3037 1350.18
D C 411.081 -412.991
732.109 265.11
125.249 551.771
-79.2817 1341.26
D C 395.968 -412.732
719.369 265.501
111.245 552.567
-95.7778 1340.78
D C 351.065 -414.007
669.927 270.881
62.8478 554.971
-146.04 1345.35
D C 319.595 -416.739
640.741 268.274
31.8901 553.601
-180.596 1353.22
D C 291.488 -415.925
611.995 274.079
1.29189 557.332
-205.083 1347.1
D C 257.806 -420.572
580.77 273.038
-29.6875 560.622
D C 213.103 -419.368
534.276 275.631
-75.0251 562.17
D C 199.716 -418.127
521.324 277.102
-93.5164 567.383
D C 155.22 -420.565
472.061 281.457
-137.278 568.388
D C 142.886 -418.491
452.714 285.21
-153.393 573.096
D C 108.874 -416.993
423.568 285.364
D C 66.4703 -419.307
375.425 287.911
D C 48.5709 -423.222
356.26 290.996
D C 4.20528 -422.466
309.209 293.028
D C -11.4424 -425.873
290.836 293.065
D C -40.351 -426.373
258.754 294.89
D C -86.5917 -430.113
204.861 297.119
D C -103.653 -432.004
187.966 295.315
D C -148.142 -436.021
137.869 299.168
D C -165.715 -434.534
127.089 294.589
D C 112.292 278.917
D C 87.2663 262.117
-513.388 1503.63
D C 78.5066 256.658
-485.012 1510.92
D C 53.943 237.641
-385.135 1552.81
D C 43.9674 233.144
-357.22 1562.84
D C 28.3455 225.515
-271.74 1587.92
D C 12.6973 220.42
D C -3.51557 218.479
D C -30.8549 220.855
D C D C 122.15 1605.22
D C 258.358 1582.3
D C 315.461 1566.94
D C 498.067 1496.02
-70.7322 911.447
D C 550.865 1471.52
-42.3664 905.197
D C 722.457 1364.12
51.8085 899.376
-70.7 1510.57
D C 824.972 1278.73
110.868 882.06
D C 869.152 1228.04
137.997 879.034
D C 990.462 1087.73
223.859 841.418
D C 1037.42 1032.63
251.863 823.404
D C 1117.88 868.237
324.262 777.734
D C 1169.4 756.929
368.402 738.9
D C 1188.53 689.008
391.129 717.102
D C 1228.07 496.564
441.558 640.412
D C 1241.77 441.069
460.32 617.672
D C 1245.64 228.933
503.62 533.028
D C 1219.64 102.181
521.943 470.862
D C 1209.01 41.7243
528.191 442.346
603.208 1581.72
D C 1154.93 -80.7606
513.872 389.101
-223.87 1103.44
D C 1137.67 -107.666
504.828 377.402
-217.69 1107.81
D C 1079.25 -149.128
472.824 358.02
-234.183 1118.99
D C 1061.06 -153.256
459.312 356.741
-247.811 1115.64
D C 1015.53 -153.047
411.792 357.965
-299.515 1119.03
D C 985.393 -154.694
382.717 353.877
617.972 1482.19
-322.41 1121.49
D C 964.936 -157.555
363.66 357.563
-338.477 1125.19
D C 920.589 -156.119
867.487 665.27
316.436 356.195
-393.177 1128.85
D C 887.638 -156.14
830.735 661.722
285.525 355.063
D C 850.14 -160.323
799.094 660.922
251.368 355.164
D C 817.963 -164.675
765.701 657.409
221.2 357.128
D C 802.344 -166.66
751.502 653.271
206.869 358.082
D C 758.508 -167.289
702.81 657.894
157.242 358.42
D C 739.349 -167.828
679.792 660.24
139.513 359.191
D C 693.814 -170.979
633.803 662.622
95.7721 359.978
D C 665.768 -172.761
597.569 656.252
63.7839 362.604
D C 648.249 -176.733
583.089 656.352
47.9034 363.098
D C 603.703 -176.589
538.211 652.721
0.846007 364.975
D C 570.076 -174.375
500.044 654.068
-32.9313 366.057
D C 540.642 -176.318
467.233 651.647
-64.7123 364.675
D C 494.351 -213.269
475.315 621.722
-72.0851 366.838
D C 467.341 -233.008
477.602 609.075
-76.9611 367.74
D C 384.092 -301.184
513.481 530.276
427.505 1397.62
-67.7034 368.378
D C 291.974 -357.457
543.895 444.258
588.186 1318.67
-59.012 372.259
D C 254.753 -378.131
547.01 414.193
626.477 1276.07
-54.3991 372.679
D C 186.682 -403.496
557.586 356.077
-47.4714 373.155
D C 119.409 -425.168
561.052 298.219
795.207 1123.57
-40.6532 374.505
D C 45.2906 -442.517
558.25 237.772
886.328 1035.47
-33.5758 373.22
D C 7.1866 -446.619
557.492 205.756
-31.3506 374.201
D C -105.721 -452.854
534.832 118.799
1005.22 841.843
194.913 1410.6
-19.8494 374.838
D C -179.323 -445.414
512.535 55.6366
1057.48 721.914
322.876 1383.03
-8.21019 369.341
-315.607 962.844
D C 488.683 -19.1337
1121.88 570.086
477.277 1324.21
14.1644 361.766
-220.675 993.479
D C 455.95 -83.0914
1153.06 425.567
612.424 1247.44
33.2906 351.769
D C 387.802 -178.715
794.683 1094.1
58.8223 334.398
D C 360.797 -205.495
1172.27 105.46
851.998 1046.28
67.9187 326.979
D C 298.327 -258.547
1139.33 -51.6122
958.297 919.375
80.3602 309.685
D C 230.013 -296.147
1092.92 -199.171
1039.42 787.045
90.9729 291.018
D C 160.047 -329.855
1027.26 -349.021
1108.01 642.329
100.26 272.912
D C 125.127 -345.542
989.789 -419.822
1127.34 564.185
104.302 263.731
D C 19.8271 -374.415
869.16 -599.278
1182.25 347.745
111.566 238.236
D C -50.0844 -379.629
773.326 -670.208
1165.85 236.532
99.5975 227.024
D C -106.274 -380.59
706.039 -709.32
1136.03 194.409
558.779 694.864
69.3934 221.986
D C 635.943 -722.567
1103.75 147.303
551.837 677.675
42.7097 219.084
D C 583.887 -723.862
1056.42 140.986
505.852 678.768
-4.96085 223.167
D C 568.036 -722.169
1029.46 143.823
489.864 674.433
-21.7235 225.93
D C 537.013 -727.597
994.309 145.137
452.116 682.264
D C 499.864 -722.653
959.97 140.125
425.887 678.265
D C 472.729 -720.602
927.88 141.261
389.914 684.589
D C 439.55 -727.035
894.629 141.82
367.6 683.913
D C 406.19 -731.375
862.735 142.196
327.461 688.225
D C 361.14 -721.621
813.03 149.425
278.922 692.803
D C 345.665 -723.685
793.07 145.757
267.886 689.702
D C 313.25 -723.119
758.904 144.297
235.088 691.927
D C 262.137 -723.899
708.255 143.694
184.149 692.16
D C 246.749 -722.687
691.169 144.648
166.363 693.369
D C 198.557 -724.017
644.696 143.202
118.282 697.476
D C 625.393 146.99
105.474 699.87
D C 151.195 -722.448
593.032 143.23
75.1018 701.659
D C 548.612 146.84
27.5821 704.46
D C 92.5726 -727.681
530.308 145.434
5.95914 704.88
D C -19.6201 -730.237
501.231 85.7754
48.7947 697.796
D C -69.5073 -734.455
488.316 49.9781
82.9158 694.065
D C -201.214 -720.592
470.009 -32.8662
163.903 665.102
D C -327.371 -688.038
437.816 -102.21
238.372 636.762
D C 394.845 -176.119
314.719 585.529
D C 305.445 -271.35
409.619 490.605
D C 272.624 -298.496
434.164 453.906
D C 196.554 -343.898
477.475 375.567
-137.48 637.383
D C 120.415 -375.12
509.406 295.311
-57.7883 642.36
D C 43.1587 -397.585
526.582 212.92
9.38475 643.192
D C -79.5941 -408.287
527.602 77.013
124.059 616.219
D C -118.319 -404.495
518.491 37.038
156.051 601.375
-298.724 993.042
D C 483.972 -82.075
250.466 552.389
-111.633 1028.39
D C 463.663 -129.471
284.945 522.424
-41.7978 1028.09
D C 416.959 -201.538
333.956 471.854
77.3785 1016.86
D C 339.854 -283.752
370.546 401.952
198.829 987.613
D C 318.421 -282.878
353.496 402.864
185.711 984.76
D C 240.58 -305.86
993.818 832.297
327.818 373.599
201.671 970.901
D C 214.011 -309.396
980.402 821.061
314.115 371.562
189.252 970.788
D C 177.848 -306.785
953.712 818.83
285.856 373.905
158.426 970.269
D C 128.946 -302.744
909.57 820.554
235.674 375.332
109.945 970.857
D C 113.701 -302.348
889.953 822.89
223.486 376.112
97.9285 971.2
D C 65.0731 -310.937
842.525 818.292
175.715 375.219
44.1226 974.001
D C 32.0904 -313.542
805.293 821.486
143.931 377.413
14.1535 970.022
D C 18.5713 -314.182
789.55 815.375
126.445 379.797
-3.70251 969.758
D C -32.4701 -322.02
742.061 814.934
75.5397 375.216
-57.4207 971.422
D C -48.5249 -321.984
722.749 813.56
63.8063 376.247
-69.551 973.637
D C -113.287 -326.836
725.758 768.138
37.1991 368.92
D C 737.433 716.223
29.6852 360.827
D C 748.995 659.204
22.473 352.443
D C 758.732 612.014
13.6845 349.51
D C 760.021 582.856
7.21805 348.214
D C 772.172 506.559
-3.4073 342.301
D C 766.62 476.425
-5.48709 341.001
D C 760.47 392.324
151.506 927.889
-22.0291 337.509
D C 755.625 338.403
183.215 910.053
-30.3686 337.57
D C 757.716 290.267
220.034 892.876
-23.9085 334.693
D C 753.566 172.244
306.106 849.298
-19.547 330.689
D C 738.401 98.5442
347.55 819.398
-19.2529 325.714
D C 717.373 24.7574
393.308 776.879
-17.0275 321.549
D C 686.277 -47.9891
429.07 732.293
-16.8475 318.15
D C 673.845 -80.5003
446.237 710.674
-16.8149 317.534
D C 609.6 -186.464
504.566 627.449
-14.539 310.64
D C 563.888 -251.52
532.377 577.5
283.45 1407.93
-14.3823 307.291
D C 514.487 -280.617
518.61 548.894
-34.7442 302.744
D C 460.998 -313.698
515.814 519.768
-55.6565 302.83
D C 437.453 -326.011
506.977 510.863
352.645 1358.99
D C 382.733 -331.698
459.678 504.82
D C 366.454 -329.595
441.502 509.431
292.397 1365.55
D C 313.077 -330.366
389.581 509.58
239.047 1358.95
D C 280.409 -334.826
359.642 508.146
D C 264.324 -331.836
343.782 511.933
197.263 1365.74
D C 211.512 -335.733
291.926 512.547
D C 161.392 -332.628
240.359 513.257
D C 143.543 -331.361
223.016 516.946
D C 108.707 -338.647
205.459 510.332
87.1577 1366.89
D C 51.7018 -354.2
206.355 494.938
160.66 1344.84
D C -3.10081 -366.782
203.206 479.086
201.049 1334.05
D C -91.531 -371.423
195.016 452.04
287.477 1303.45
D C -114.863 -367.441
192.251 445.632
D C 189.932 432.934
D C 181.446 420.586
-530.801 1554.63
D C 191.539 396.272
-394.317 1589.83
D C 195.381 385.925
-336.626 1608.49
D C 197.835 352.358
-147.677 1641.54
D C 202.785 322.954
D C 187.616 307.1
73.9088 1631.53
D C 156.698 300.313
113.651 1625.28
D C 781.843 869.277
143.672 297.242
135.52 1647.27
D C 747.161 851.505
92.6222 296.294
113.982 1630.02
D C 769.055 794.21
76.1517 286.231
D C 798.375 729.177
60.6469 274.98
D C 803.253 672.704
40.6471 269.711
D C 811.489 646.392
27.064 268.406
-369.209 1414.1
D C 819.956 567.169
474.015 1516.35
0.615118 265.368
D C 553.582 1478.78
-28.9968 267.124
D C 821.255 456.108
599.226 1437.23
D C 818.031 390.728
662.213 1391.77
D C 804.94 337.023
714.852 1349.76
D C 786.839 279.48
768.471 1293.29
39.6801 1476.84
D C 767.484 205.422
836.893 1213.78
120.591 1465.8
D C 751.022 186.272
850.129 1201.17
138.687 1465.45
-129.189 814.949
D C 729.7 129.487
899.23 1132.39
210.029 1454.13
-104.272 819.644
D C 698.565 80.1704
944.477 1076.38
270.338 1433.51
-79.4213 826.003
D C 674.707 35.7289
970.503 1002.25
329.788 1412.64
-64.3049 828.626
D C 622.523 -24.374
1014.1 914.852
411.663 1375.96
-33.9172 834.252
D C 604.432 -53.4623
1026.17 859.392
453.48 1362.1
-13.3066 826.952
D C 568.715 -89.2808
1040.74 798.141
498.15 1330.7
1.92667 831.185
D C 528.601 -133.711
1061.65 724.758
555.891 1288.54
32.3918 827.304
D C 490.59 -163.331
1074.05 658.379
603.543 1248.66
52.4505 822.579
D C 424.258 -205.066
1063.58 573.726
637.826 1204.33
56.9998 815.135
D C 409.113 -203.976
1045.13 580.445
619.891 1206.01
36.898 814.518
D C 380.022 -201.265
1007.73 584.196
584.256 1208.76
6.89198 815.221
D C 962.185 581.716
529.816 1207.67
-43.4834 821.144
D C 314.785 -200.359
943.096 578.107
513.742 1211.22
-58.8547 823.901
D C 265.183 -200.17
893.214 578.157
468.972 1207.42
-105.423 828.696
D C 871.617 579.478
454.716 1214.68
-121.264 830.759
D C 821.491 575.715
394.981 1211.13
-168.897 832.477
D C 788.587 574.586
369.776 1208.89
-196.641 836.639
D C 791.867 547.74
397.58 1194.19
-176.28 842.314
D C 801.969 484.853
459.896 1162.86
-151.379 853.073
D C 792.454 440.112
489.765 1135.26
-131.592 864.374
D C 784.998 351.558
551.776 1073.5
-89.184 871.381
D C 774.201 318.584
580.652 1049.21
-73.0851 872.344
D C 760.32 264.818
614.394 1005.68
-46.3862 875.96
D C 717.708 259.895
567.339 1010.47
-90.046 879.804
D C 700.201 258.426
556.926 1006.34
-106.81 882.829
D C 648.123 262.064
505.207 1013.29
-156.776 883.483
D C 632.4 260.233
488.891 1011.46
-174.655 888.815
D C 598.09 263.458
452.474 1014.41
-208.539 887.26
D C 549.514 266.626
400.982 1013.9
-256.044 890.641
D C 535.539 263.917
387.742 1016.73
-269.63 896.324
D C 488.221 267.241
338.445 1016.57
D C 456.175 264.452
303.606 1014.79
D C 436.221 267.399
290.623 1016.66
D C 390.24 269.932
237.852 1018.84
D C 372.865 271.68
218.639 1021.08
D C 328.654 271.826
173.597 1023.65
D C 311.102 273.806
154.626 1026.01
D C 275.825 274.55
122.849 1028.33
D C 236.508 272.897
90.7245 1025.71
D C 239.778 273.264
90.5735 1024
D C 240.972 274.624
90.4651 1022.78
D C 240.375 273.944
90.133 1019.02
D C 239.543 272.996
90.5938 1024.23
D C 239.511 272.96
90.6277 1024.62
D C 240.076 273.604
90.5803 1024.08
