F 1850 1897 3.71755
F 1850 1897 3.71755
F 1850 1897 3.71755
F 1850 1897 3.71755
F 1850 1897 3.71755
F 1850 1897 3.71755
F 1850 1897 3.71755
F 1850 1897 3.71755
F 1850 1897 3.71755
F 1850 1897 3.71755
F 1850 1897 3.71755
F 1850 1897 3.71755
F 1829.22 1883.5 3.71755
F 1792.05 1859.36 3.71755
F 1754.41 1834.98 -2.56765
F 1716.6 1810.54 -2.56765
F 1716.6 1810.54 -2.56765
F 1679.09 1786.28 -2.56765
F 1641.46 1761.9 -2.56563
F 1603.82 1737.51 -2.56765
F 1566.19 1713.13 -2.56563
F 1566.19 1713.13 -2.56563
F 1528.56 1688.74 -2.56765
F 1490.92 1664.36 -2.56563
F 1490.92 1664.36 -2.56563
F 1453.29 1639.97 -2.56765
F 1415.65 1615.59 -2.56563
F 1378.02 1591.2 -2.56765
F 1340.39 1566.82 -2.56563
F 1302.75 1542.43 -2.56765
F 1302.75 1542.43 -2.56765
F 1265.12 1518.05 -2.56563
F 1227.49 1493.66 -2.56765
F 1189.68 1469.22 -2.56765
F 1189.68 1469.22 -2.56765
F 1152.16 1444.96 -2.56765
F 1114.53 1420.58 -2.56563
F 1076.9 1396.19 -2.56765
F 1039.09 1371.75 -2.56765
F 1039.09 1371.75 -2.56765
F 1001.58 1347.5 -2.56765
F 963.942 1323.11 -2.56563
F 926.308 1298.73 -2.56765
F 926.308 1298.73 -2.56765
F 888.674 1274.34 -2.56563
F 851.04 1249.96 -2.56765
F 813.233 1225.51 -2.56765
F 775.133 1200.88 -2.56765
F 775.133 1200.88 -2.56765
F 737.499 1176.49 -2.56563
F 699.865 1152.11 -2.56765
F 662.232 1127.72 -2.56563
F 662.232 1127.72 -2.56563
F 624.598 1103.34 -2.56765
F 586.964 1078.95 -2.56563
F 549.33 1054.57 -2.56765
F 549.33 1054.57 -2.56765
F 511.697 1030.18 -2.56563
F 474.063 1005.8 -2.56765
F 436.575 981.185 -2.55353
F 400.669 954.926 -2.46678
F 400.669 954.926 -2.46678
F 366.748 925.345 -2.38206
F 335.607 893.093 -2.29531
F 307.451 858.428 -2.21058
F 282.33 821.505 -2.12585
F 282.33 821.505 -2.12585
F 260.549 782.719 -2.03911
F 241.922 741.556 -1.95236
F 227.279 699.921 -1.86562
F 216.037 656.52 -1.78291
F 216.037 656.52 -1.78291
F 210.03 611.422 -1.62354
F 211.496 567.003 -1.45206
F 220.12 524.109 -1.29269
F 220.12 524.109 -1.29269
F 234.005 485.556 -1.15753
F 253.516 448.34 -1.01833
F 277.462 414.658 -0.887206
F 277.462 414.658 -0.887206
F 305.517 384.552 -0.754062
F 336.63 358.688 -0.633021
F 372.325 336.189 -0.491808
F 410.129 319.068 -0.358663
F 410.129 319.068 -0.358663
F 449.537 307.219 -0.225519
F 490.526 300.733 -0.0883393
F 532.016 299.83 0.0448052
F 532.016 299.83 0.0448052
F 576.432 302.495 0.0750653
F 621.149 305.904 0.0770826
F 665.866 309.312 0.0750653
F 710.064 312.636 0.0750653
F 710.064 312.636 0.0750653
F 754.781 316.045 0.0770826
F 799.668 319.512 0.0770826
F 844.904 323.005 0.0770826
F 889.62 326.414 0.0750653
F 889.62 326.414 0.0750653
F 934.337 329.822 0.0770826
F 978.529 333.235 0.0770826
F 1023.42 336.702 0.0770826
F 1023.42 336.702 0.0770826
F 1067.96 340.142 0.0770826
F 1112.84 343.609 0.0770826
F 1157.38 347.049 0.0770826
F 1202.27 350.516 0.0770826
F 1202.27 350.516 0.0770826
F 1246.6 354.345 0.0952387
F 1291.35 360.588 0.181984
F 1334.49 372.002 0.335302
F 1334.49 372.002 0.335302
F 1375.37 390.309 0.506776
F 1410.26 413.089 0.650007
F 1441.61 440.285 0.779117
F 1441.61 440.285 0.779117
F 1468.82 470.927 0.910245
F 1491.73 504.485 1.0333
F 1510.56 541.468 1.16645
F 1522.39 576.481 1.3238
F 1522.39 576.481 1.3238
F 1528.37 612.591 1.48922
F 1528.4 649.197 1.65061
F 1522.55 685.331 1.812
F 1522.55 685.331 1.812
F 1510.34 721.122 1.9875
F 1492.46 753.656 2.15898
F 1469.7 782.327 2.3244
F 1441.21 809.56 2.43334
F 1441.21 809.56 2.43334
F 1406.91 838.994 2.43132
F 1373.15 867.97 2.43334
F 1339.22 897.03 2.43334
F 1339.22 897.03 2.43334
F 1304.66 926.691 2.43132
F 1270.63 955.898 2.43334
F 1236.6 985.105 2.43132
F 1236.6 985.105 2.43132
F 1203 1014.01 2.43132
F 1168.97 1043.21 2.43334
F 1134.94 1072.42 2.43132
F 1100.91 1101.63 2.43334
F 1066.88 1130.83 2.43132
F 1066.88 1130.83 2.43132
F 1032.74 1160.19 2.43132
F 998.875 1189.32 2.43132
F 964.741 1218.67 2.43132
F 964.741 1218.67 2.43132
F 930.489 1247.89 2.43939
F 894.312 1274.02 2.59271
F 857.157 1290.69 2.84689
F 824.658 1296.94 3.0567
F 824.658 1296.94 3.0567
F 790.877 1296.19 -3.01265
F 759.166 1288.74 -2.8089
F 729.19 1274.72 -2.5991
F 729.19 1274.72 -2.5991
F 702.323 1254.23 -2.38122
F 681.038 1229.34 -2.17546
F 665.341 1200.8 -1.9717
F 655.826 1170.37 -1.77602
F 655.826 1170.37 -1.77602
F 652.45 1138.14 -1.57429
F 655.634 1105.55 -1.37255
F 665.262 1063.18 -1.32212
F 665.262 1063.18 -1.32212
F 676.259 1020.07 -1.3201
F 687.341 976.79 -1.3201
F 698.509 933.176 -1.3201
F 709.505 890.239 -1.3201
F 709.505 890.239 -1.3201
F 720.673 846.625 -1.3201
F 731.842 803.011 -1.3201
F 742.924 759.736 -1.3201
F 754.093 716.122 -1.3201
F 754.093 716.122 -1.3201
F 767.108 672.672 -1.23941
F 783.519 630.951 -1.15266
F 803.483 590.809 -1.06592
F 803.483 590.809 -1.06592
F 826.72 552.672 -0.981189
F 853.308 516.357 -0.896461
F 882.563 482.847 -0.809715
F 882.563 482.847 -0.809715
F 914.89 452.041 -0.712883
F 951.158 425.756 -0.541409
F 991.066 406.198 -0.369935
F 1030.69 393.881 -0.232756
F 1030.69 393.881 -0.232756
F 1070.9 386.887 -0.111716
F 1111.13 384.866 0.0113423
F 1152.51 388.097 0.144487
F 1194.8 395.389 0.196938
F 1194.8 395.389 0.196938
F 1238.61 404.129 0.196938
F 1282.42 412.87 0.196938
F 1325.89 421.543 0.196938
F 1325.89 421.543 0.196938
F 1370.2 430.431 0.198955
F 1413.65 439.191 0.198955
F 1457.78 448.089 0.198955
F 1501.92 456.987 0.198955
F 1501.92 456.987 0.198955
F 1545.71 465.816 0.198955
F 1589.66 476.305 0.269562
F 1632.16 490.01 0.35429
F 1632.16 490.01 0.35429
F 1673.17 507.237 0.441036
F 1713.16 528.278 0.527782
F 1750.46 552.194 0.61251
F 1750.46 552.194 0.61251
F 1785.23 580.726 0.761793
F 1814.79 614.144 0.93125
F 1837.51 649.905 1.07852
F 1855.41 687.747 1.17938
F 1855.41 687.747 1.17938
F 1872.59 729.363 1.17938
F 1889.49 770.334 1.17938
F 1905.3 812.296 1.24192
F 1917.91 854.955 1.32463
F 1917.91 854.955 1.32463
F 1926.93 899.048 1.41339
F 1932.07 943.936 1.50014
F 1933.34 988.577 1.58487
F 1933.34 988.577 1.58487
F 1930.76 1033.34 1.67161
F 1924.44 1077.19 1.75634
F 1914.11 1121.53 1.84309
F 1900.5 1163.34 1.92782
F 1900.5 1163.34 1.92782
F 1883 1204.8 2.01254
F 1861.81 1244.9 2.10131
F 1837.41 1282.72 2.18604
F 1837.41 1282.72 2.18604
F 1810.19 1317.9 2.27278
F 1779.78 1350.85 2.35953
F 1746.54 1381.19 2.44426
F 1711.4 1408.18 2.52898
F 1711.4 1408.18 2.52898
F 1674.14 1432.82 2.58547
F 1636.08 1456.53 2.58345
F 1597.89 1480.38 2.58345
F 1597.89 1480.38 2.58345
F 1560 1504.03 2.58345
F 1521.93 1527.75 2.58547
F 1483.87 1551.46 2.58345
F 1445.39 1575.49 2.58345
F 1445.39 1575.49 2.58345
F 1406.45 1597.72 2.66213
F 1366.62 1616.33 2.74686
F 1324.2 1631.88 2.8336
F 1324.2 1631.88 2.8336
F 1280.77 1643.69 2.91833
F 1236.97 1652.44 2.97078
F 1192.79 1660.11 2.96876
F 1148.94 1667.71 2.97078
F 1148.94 1667.71 2.97078
F 1104.92 1675.31 2.97078
F 1060.74 1682.97 2.96876
F 1016.55 1690.64 2.97078
F 1016.55 1690.64 2.97078
F 971.681 1698.43 2.96876
F 928.018 1706.05 2.96876
F 883.834 1713.72 2.97078
F 883.834 1713.72 2.97078
F 839.468 1721.37 2.97078
F 795.284 1729.04 2.96876
F 751.099 1736.71 2.97078
F 708.634 1744.08 2.96876
F 702.272 1745.18 2.97078
F 702.272 1745.18 2.97078
F 702.272 1745.18 2.97078
F 702.272 1745.18 2.97078
F 702.272 1745.18 2.97078
F 702.272 1745.18 2.97078
F 702.272 1745.18 2.97078
F 702.272 1745.18 2.97078
